[0]  [0][0][0][0]
[1]  [0][0][0][0]
[2]  [0][0][0][0]
[3]  [0][0][0][0]
[4]  [0][0][0][0]
[5]  [0][0][0][0]
[6]  [0][0][0][0]
[7]  [0][0][0][0]
[8]  [0][0][0][0]
[9]  [0][0][0][0]
[10] [0][60][60][60]
[11] [0][60][60][60]
[12] [0][60][60][60]
[13] [0][60][60][60]
[14] [0][60][60][60]
[15] [0][60][60][60]
[16] [0][60][60][60]
[17] [0][60][60][60]
[18] [0][60][60][60]
[19] [0][60][60][60]
[20] [0][60][100][100]
[21] [0][60][100][100]
[22] [0][60][100][100]
[23] [0][60][100][100]
[24] [0][60][100][100]
[25] [0][60][100][100]
[26] [0][60][100][100]
[27] [0][60][100][100]
[28] [0][60][100][100]
[29] [0][60][100][100]
[30] [0][60][160][160]
[31] [0][60][160][160]
[32] [0][60][160][160]
[33] [0][60][160][160]
[34] [0][60][160][160]
[35] [0][60][160][160]
[36] [0][60][160][160]
[37] [0][60][160][160]
[38] [0][60][160][160]
[39] [0][60][160][160]
[40] [0][60][160][180]
[41] [0][60][160][180]
[42] [0][60][160][180]
[43] [0][60][160][180]
[44] [0][60][160][180]
[45] [0][60][160][180]
[46] [0][60][160][180]
[47] [0][60][160][180]
[48] [0][60][160][180]
[49] [0][60][160][180]