Input:
MATRIZ 9x9 com o valor de linhas e colunas
x  0 1  2 3  4  5  6 7  8
0  0 4  0 0  0  0  0 8  0
1  4 0  8 0  0  0  0 11 0
2  0 8  0 7  0  4  0 0  2
3  0 0  7 0  9  14 0 0  0
4  0 0  0 9  0  10 0 0  0
5  0 0  4 14 10 0  2 0  0
6  0 0  0 0  0  2  0 1  6
7  8 11 0 0  0  0  1 0  7
8  0 0  2 0  0  0  6 7  0

somente MATRIZ
0 4  0 0  0  0  0 8  0
4 0  8 0  0  0  0 11 0
0 8  0 7  0  4  0 0  2
0 0  7 0  9  14 0 0  0
0 0  0 9  0  10 0 0  0
0 0  4 14 10 0  2 0  0
0 0  0 0  0  2  0 1  6
8 11 0 0  0  0  1 0  7
0 0  2 0  0  0  6 7  0

Output:

BFS: 2 1 3 5 8 0 7 4 6
DFS: 3 2 1 0 7 6 5 4 8

0 -> 1:4 7:8
1 -> 0:4 2:8 7:11
2 -> 1:8 3:7 5:4 8:2
3 -> 2:7 4:9 5:14
4 -> 3:9 5:10
5 -> 2:4 3:14 4:10 6:2
6 -> 5:2 7:1 8:6
7 -> 0:8 1:11 6:1 8:7
8 -> 2:2 6:6 7:7

Prims:
[6][5][2][8][3][0][1][4]
[7][6][5][2][2][7][0][3]
0: -
1: 6
2: 5
3: 2
4: 3
5: 6
8: 2

Dijkstra:
0 1 7 6 5 2 8
0: -
1: 0
7: 1
6: 7
5: 6
2: 5
8: 2

